SOURCE_PATH: archive_forge/src/archive_forge/_image_decoder_data.py
KIND: code

# Copyright (c) ONNX Project Contributors
#
# SPDX-License-Identifier: Apache-2.0

# This file contains freeze NumPy array for ImageDecoder backend test's input/output
# They were generated by image_decoder.py's generate_test_data with pillow
# To make ONNX backend test generation simple, use freeze NumPy array directly
# People can still use generate_test_data to get these data here with installed pillow

from typing import NamedTuple

import numpy as np


class ImageData(NamedTuple):
    data: np.ndarray
    output: np.ndarray


# Remove black check for better readability with large NumPy array
# fmt: off
image_decoder_decode_jpeg_rgb = ImageData(
    np.array([255, 216, 255, 224,   0,  16,  74,  70,  73,  70,   0,   1,   1,
         0,   0,   1,   0,   1,   0,   0, 255, 219,   0,  67,   0,   8,
         6,   6,   7,   6,   5,   8,   7,   7,   7,   9,   9,   8,  10,
        12,  20,  13,  12,  11,  11,  12,  25,  18,  19,  15,  20,  29,
        26,  31,  30,  29,  26,  28,  28,  32,  36,  46,  39,  32,  34,
        44,  35,  28,  28,  40,  55,  41,  44,  48,  49,  52,  52,  52,
        31,  39,  57,  61,  56,  50,  60,  46,  51,  52,  50, 255, 219,
         0,  67,   1,   9,   9,   9,  12,  11,  12,  24,  13,  13,  24,
        50,  33,  28,  33,  50,  50,  50,  50,  50,  50,  50,  50,  50,
        50,  50,  50,  50,  50,  50,  50,  50,  50,  50,  50,  50,  50,
        50,  50,  50,  50,  50,  50,  50,  50,  50,  50,  50,  50,  50,
        50,  50,  50,  50,  50,  50,  50,  50,  50,  50,  50,  50,  50,
        50,  50, 255, 192,   0,  17,   8,   0,  32,   0,  32,   3,   1,
        34,   0,   2,  17,   1,   3,  17,   1, 255, 196,   0,  31,   0,
         0,   1,   5,   1,   1,   1,   1,   1,   1,   0,   0,   0,   0,
         0,   0,   0,   0,   1,   2,   3,   4,   5,   6,   7,   8,   9,
        10,  11, 255, 196,   0, 181,  16,   0,   2,   1,   3,   3,   2,
         4,   3,   5,   5,   4,   4,   0,   0,   1, 125,   1,   2,   3,
         0,   4,  17,   5,  18,  33,  49,  65,   6,  19,  81,  97,   7,
        34, 113,  20,  50, 129, 145, 161,   8,  35,  66, 177, 193,  21,
        82, 209, 240,  36,  51,  98, 114, 130,   9,  10,  22,  23,  24,
        25,  26,  37,  38,  39,  40,  41,  42,  52,  53,  54,  55,  56,
        57,  58,  67,  68,  69,  70,  71,  72,  73,  74,  83,  84,  85,
        86,  87,  88,  89,  90,  99, 100, 101, 102, 103, 104, 105, 106,
       115, 116, 117, 118, 119, 120, 121, 122, 131, 132, 133, 134, 135,
       136, 137, 138, 146, 147, 148, 149, 150, 151, 152, 153, 154, 162,
       163, 164, 165, 166, 167, 168, 169, 170, 178, 179, 180, 181, 182,
       183, 184, 185, 186, 194, 195, 196, 197, 198, 199, 200, 201, 202,
       210, 211, 212, 213, 214, 215, 216, 217, 218, 225, 226, 227, 228,
       229, 230, 231, 232, 233, 234, 241, 242, 243, 244, 245, 246, 247,
       248, 249, 250, 255, 196,   0,  31,   1,   0,   3,   1,   1,   1,
         1,   1,   1,   1,   1,   1,   0,   0,   0,   0,   0,   0,   1,
         2,   3,   4,   5,   6,   7,   8,   9,  10,  11, 255, 196,   0,
       181,  17,   0,   2,   1,   2,   4,   4,   3,   4,   7,   5,   4,
         4,   0,   1,   2, 119,   0,   1,   2,   3,  17,   4,   5,  33,
        49,   6,  18,  65,  81,   7,  97, 113,  19,  34,  50, 129,   8,
        20,  66, 145, 161, 177, 193,   9,  35,  51,  82, 240,  21,  98,
       114, 209,  10,  22,  36,  52, 225,  37, 241,  23,  24,  25,  26,
        38,  39,  40,  41,  42,  53,  54,  55,  56,  57,  58,  67,  68,
        69,  70,  71,  72,  73,  74,  83,  84,  85,  86,  87,  88,  89,
        90,  99, 100, 101, 102, 103, 104, 105, 106, 115, 116, 117, 118,
       119, 120, 121, 122, 130, 131, 132, 133, 134, 135, 136, 137, 138,
       146, 147, 148, 149, 150, 151, 152, 153, 154, 162, 163, 164, 165,
       166, 167, 168, 169, 170, 178, 179, 180, 181, 182, 183, 184, 185,
       186, 194, 195, 196, 197, 198, 199, 200, 201, 202, 210, 211, 212,
       213, 214, 215, 216, 217, 218, 226, 227, 228, 229, 230, 231, 232,
       233, 234, 242, 243, 244, 245, 246, 247, 248, 249, 250, 255, 218,
         0,  12,   3,   1,   0,   2,  17,   3,  17,   0,  63,   0,  93,
        15, 199, 122,  93, 181, 235, 187, 193, 120,  65, 140, 143, 149,
        23, 212, 127, 181,  93,  36,  95,  16, 180, 150, 145,  36,  22,
       247, 187, 119,   3, 247,  19, 255,   0, 138, 175,  29, 180, 183,
       153,  37,  36, 195,  32, 249, 123, 169, 174, 175,  68, 138, 194,
        73, 108, 226, 187, 104, 193, 105,  66, 186, 180, 155,  78,  11,
       125, 120, 226, 184, 243, 204,  13,  12, 101, 117, 141, 154, 110,
        46, 209, 211, 123, 247, 125,  45, 243,  61, 156,  62,  34, 141,
        92,  59, 173, 137,  77, 201, 221,  46,  94, 253,  14, 135, 198,
        14,  62,  32, 253, 139, 251,  39,  48, 253, 135, 127, 153, 246,
       191, 151,  59, 246, 227,  27, 119, 127, 112, 245, 199, 106, 224,
       124,  90, 134, 211, 194, 183, 118, 114,  96, 201,   8, 142,  54,
        43, 208, 149, 117,   7,  30, 220,  87, 166, 234,  22, 182, 250,
       103, 151, 253, 132, 163, 247, 153, 243, 188, 166,  50, 244, 198,
       220, 231,  56, 234, 107, 142, 241, 245, 157, 168, 240,  86, 161,
       114,  80,  11, 179, 229, 179,  18, 199,  59, 140, 139, 158,  51,
       238, 107, 179,  15, 130, 246,  20,  21,  55,  36, 224, 175, 202,
       147, 214, 251, 235, 243,  60, 117,  78, 166,  38,  42,  53, 218,
        92, 154, 174, 154, 147,  29,  35,  96, 207, 159, 159, 248,   7,
       255,   0,  94, 179, 100, 180, 251,  62, 168, 178, 239, 221, 229,
       186, 182,  49, 140, 227,   6, 181, 173, 124, 127, 224, 229, 148,
       153, 181,   4,  43, 142,  51, 107,  33, 231, 254, 248, 170,  26,
       151, 141, 124,  35,  52, 243,  52,  23, 145, 144, 203, 242, 145,
       107,  32, 231,  31, 238, 215,   6,  89, 154,  85, 141,  79,  99,
        94, 140, 185,  31, 149, 149, 219,  93, 108, 107,  71,  56, 132,
        40, 243, 209, 161,  40, 174, 145, 123, 223, 190, 167,  75, 164,
       106, 249, 243, 191, 113, 253, 223, 227, 250, 251,  86, 119, 196,
       109,  63,  30,   0, 212, 175, 124, 223, 188,  34, 125, 155, 122,
       110, 149,  56, 206, 125, 235, 147, 255,   0, 132, 199,  71, 143,
       253,  86, 160, 201, 158, 187,  99, 144, 103, 244, 170, 158,  37,
       241, 133, 166, 167, 225, 155, 155,   8, 181,  73, 166, 103,   8,
         4,  76,  36, 193, 195,  41, 238,  49, 218, 175,  49, 194,  42,
        88, 181, 245,  95, 134, 234, 246, 215,  77,  58, 234,  24,  90,
        95,  95, 162, 241,  56, 185, 165,  36, 155,  73, 232, 238, 180,
        90, 105, 216, 255, 217], dtype=np.uint8),
    np.array([[[230,  73, 255],
        [227,  76, 255],
        [222,  81, 255],
        [211,  95, 206],
        [204, 123, 142],
        [251, 202, 133],
        [245, 226,  72],
        [234, 230,  34],
        [235, 234,  32],
        [231, 229,  32],
        [227, 221,  37],
        [233, 224,  45],
        [237, 227,  42],
        [232, 216,  32],
        [243, 219,  35],
        [255, 247,  63],
        [246, 255,  71],
        [249, 255,  83],
        [243, 253,  68],
        [255, 251, 134],
        [ 97,  23,  46],
        [127,  19, 121],
        [123,   0, 124],
        [118,  19, 128],
        [ 63,  28,  82],
        [ 99, 133, 143],
        [ 39, 146, 128],
        [ 24, 162, 110],
        [ 26, 157,  64],
        [ 66, 154,  76],
        [  0,   9,   0],
        [ 15,   0,   9]],

       [[232,  77, 255],
        [228,  79, 255],
        [221,  83, 254],
        [210,  93, 208],
        [202, 117, 146],
        [248, 193, 137],
        [242, 216,  77],
        [230, 222,  35],
        [239, 237,  40],
        [235, 233,  36],
        [230, 225,  37],
        [235, 227,  41],
        [238, 228,  42],
        [230, 220,  34],
        [237, 225,  41],
        [255, 253,  70],
        [242, 250,  68],
        [242, 251,  70],
        [255, 255,  79],
        [255, 232, 124],
        [112,  32,  57],
        [119,   9, 108],
        [132,  10, 129],
        [117,  21, 121],
        [ 83,  50,  95],
        [ 98, 132, 134],
        [ 34, 137, 108],
        [ 31, 165, 106],
        [ 40, 168,  75],
        [ 62, 151,  71],
        [  0,   9,   0],
        [ 11,   0,   5]],

       [[234,  81, 255],
        [229,  82, 255],
        [221,  86, 250],
        [211,  95, 218],
        [207, 115, 164],
        [254, 189, 161],
        [249, 213, 101],
        [238, 224,  57],
        [235, 232,  41],
        [231, 229,  30],
        [229, 221,  26],
        [229, 221,  26],
        [231, 225,  29],
        [218, 219,  27],
        [215, 229,  45],
        [237, 252,  71],
        [252, 252,  76],
        [255, 248,  80],
        [255, 249,  94],
        [255, 225, 135],
        [120,  30,  58],
        [120,   6, 101],
        [126,   9, 116],
        [109,  20, 104],
        [ 75,  47,  72],
        [ 97, 130, 113],
        [ 48, 144,  98],
        [ 37, 163,  89],
        [ 48, 169,  72],
        [ 59, 151,  66],
        [  0,  16,   0],
        [  0,  13,   0]],

       [[216,  83, 236],
        [211,  83, 238],
        [205,  88, 246],
        [203,  98, 226],
        [205, 114, 181],
        [255, 184, 178],
        [255, 207, 120],
        [251, 220,  77],
        [246, 228,  56],
        [247, 228,  46],
        [248, 216,  43],
        [251, 214,  45],
        [250, 217,  50],
        [234, 217,  51],
        [217, 232,  69],
        [234, 255,  95],
        [245, 251,  93],
        [255, 254, 104],
        [252, 232, 101],
        [255, 228, 153],
        [111,  34,  52],
        [126,  33, 103],
        [109,  15,  93],
        [103,  34,  91],
        [ 52,  33,  39],
        [ 98, 127,  99],
        [ 75, 152, 106],
        [ 48, 148,  86],
        [ 53, 151,  78],
        [ 69, 148,  83],
        [  0,  16,   0],
        [  0,  15,   0]],

       [[202, 104, 227],
        [196, 103, 235],
        [191, 106, 253],
        [192, 111, 242],
        [200, 117, 199],
        [253, 176, 192],
        [255, 193, 127],
        [255, 204,  85],
        [255, 210,  67],
        [255, 209,  67],
        [255, 195,  76],
        [255, 189,  82],
        [255, 193,  88],
        [255, 197,  88],
        [229, 217,  97],
        [229, 246, 118],
        [228, 250, 123],
        [249, 255, 148],
        [245, 251, 145],
        [239, 224, 155],
        [ 97,  57,  49],
        [ 87,  35,  58],
        [ 72,  21,  52],
        [ 83,  48,  68],
        [ 80,  76,  65],
        [ 99, 122,  96],
        [ 88, 136, 110],
        [ 63, 123,  98],
        [ 70, 127, 108],
        [ 86, 130, 115],
        [  0,   9,   0],
        [  0,   7,   0]],

       [[ 83,  27, 128],
        [ 76,  23, 137],
        [ 70,  23, 161],
        [ 73,  22, 151],
        [ 84,  16, 103],
        [138,  60,  86],
        [146,  66,  13],
        [150,  72,   0],
        [146,  73,   0],
        [164,  71,   0],
        [186,  55,   0],
        [198,  48,  15],
        [202,  51,  24],
        [176,  56,  19],
        [136,  81,  16],
        [116, 114,  31],
        [ 94, 131,  38],
        [ 62, 112,  17],
        [ 75, 109,  23],
        [108, 125,  55],
        [173, 175, 128],
        [200, 194, 162],
        [203, 197, 175],
        [175, 174, 153],
        [150, 161, 131],
        [ 98, 117,  95],
        [ 83, 105, 102],
        [ 80, 103, 117],
        [ 92, 111, 143],
        [ 92, 107, 138],
        [  0,   3,  12],
        [  0,   5,   2]],

       [[ 52,  43, 132],
        [ 45,  40, 142],
        [ 41,  38, 167],
        [ 51,  35, 159],
        [ 70,  21, 103],
        [129,  55,  82],
        [144,  53,   6],
        [155,  53,   0],
        [163,  53,   0],
        [189,  52,  10],
        [224,  32,  53],
        [242,  23,  77],
        [251,  25,  88],
        [223,  33,  77],
        [172,  59,  61],
        [131,  98,  65],
        [ 62, 111,  55],
        [ 47, 130,  58],
        [ 80, 146,  72],
        [ 73, 128,  44],
        [153, 200, 104],
        [139, 183,  86],
        [160, 202, 120],
        [169, 206, 139],
        [174, 203, 155],
        [ 92, 109,  91],
        [ 92,  92, 116],
        [101,  90, 148],
        [103,  88, 171],
        [ 97,  87, 160],
        [  0,   0,  23],
        [  0,   4,   4]],

       [[ 26,  47, 140],
        [ 21,  44, 146],
        [ 22,  48, 169],
        [ 39,  47, 158],
        [ 67,  31, 103],
        [131,  62,  83],
        [153,  56,  14],
        [170,  52,   0],
        [164,  37,   0],
        [195,  37,  25],
        [233,  21,  71],
        [255,  13, 100],
        [255,  14, 111],
        [236,  20, 103],
        [180,  45,  88],
        [131,  84,  92],
        [ 70, 118,  92],
        [ 46, 136,  85],
        [ 43, 118,  59],
        [ 53, 122,  41],
        [153, 222, 106],
        [156, 225, 100],
        [143, 209, 101],
        [150, 205, 122],
        [155, 192, 141],
        [ 89, 101,  91],
        [119,  98, 137],
        [120,  83, 161],
        [104,  65, 174],
        [104,  78, 167],
        [  4,   6,  27],
        [  0,   7,   0]],

       [[ 18,  50, 161],
        [ 20,  54, 164],
        [ 13,  53, 166],
        [ 26,  47, 140],
        [ 69,  44,  99],
        [118,  52,  64],
        [155,  55,  23],
        [170,  48,   0],
        [169,  41,   2],
        [190,  36,  26],
        [233,  35,  71],
        [249,  26,  91],
        [239,  10,  92],
        [218,  23, 102],
        [177,  54, 117],
        [129,  83, 119],
        [ 75, 112, 105],
        [ 58, 131, 101],
        [ 56, 116,  78],
        [ 64, 120,  57],
        [151, 214, 110],
        [153, 217, 103],
        [138, 203, 109],
        [147, 202, 134],
        [169, 199, 163],
        [102, 102, 104],
        [124,  88, 132],
        [120,  67, 147],
        [131,  78, 184],
        [101,  68, 147],
        [  3,   9,   7],
        [  0,  18,   0]],

       [[ 15,  46, 136],
        [ 16,  52, 138],
        [ 11,  53, 135],
        [ 23,  46, 114],
        [ 66,  43,  89],
        [114,  48,  76],
        [151,  46,  60],
        [164,  39,  45],
        [167,  43,  51],
        [164,  28,  38],
        [200,  43,  54],
        [214,  43,  59],
        [210,  42,  59],
        [195,  56,  79],
        [144,  65,  94],
        [115,  93, 114],
        [ 72, 103, 106],
        [ 63, 116, 108],
        [ 70, 111, 103],
        [ 87, 127, 103],
        [139, 187, 129],
        [151, 201, 138],
        [147, 198, 155],
        [160, 198, 177],
        [150, 162, 162],
        [117,  97, 124],
        [143,  86, 141],
        [142,  68, 147],
        [148,  76, 176],
        [124,  74, 145],
        [  6,   0,   0],
        [  0,  10,   0]],

       [[ 36,  57,  88],
        [ 37,  62,  92],
        [ 29,  65,  91],
        [ 39,  55,  88],
        [ 76,  47,  95],
        [118,  47, 115],
        [150,  39, 134],
        [158,  32, 132],
        [154,  41, 123],
        [146,  43,  86],
        [196, 101,  79],
        [194, 111,  45],
        [180, 109,  17],
        [170, 126,  37],
        [140, 138,  77],
        [173, 197, 165],
        [185, 215, 215],
        [183, 214, 235],
        [186, 206, 239],
        [173, 192, 225],
        [120, 142, 165],
        [107, 128, 157],
        [101, 121, 171],
        [112, 118, 178],
        [158, 138, 199],
        [180, 129, 195],
        [215, 130, 198],
        [226, 125, 203],
        [222, 126, 216],
        [201, 125, 189],
        [ 44,   6,   3],
        [ 23,   5,   0]],

       [[ 43,  58,  65],
        [ 43,  62,  66],
        [ 36,  65,  63],
        [ 42,  55,  64],
        [ 72,  44,  84],
        [112,  41, 121],
        [140,  28, 156],
        [143,  21, 158],
        [130,  28, 140],
        [115,  39,  86],
        [164, 121,  70],
        [151, 132,  14],
        [131, 127,   0],
        [127, 142,   0],
        [115, 151,  55],
        [196, 235, 190],
        [189, 214, 218],
        [192, 206, 245],
        [201, 208, 255],
        [202, 207, 255],
        [110, 114, 188],
        [109, 113, 202],
        [117, 115, 225],
        [126, 109, 224],
        [137,  95, 195],
        [195, 127, 212],
        [225, 129, 201],
        [237, 127, 200],
        [229, 120, 203],
        [217, 125, 188],
        [ 41,   0,   0],
        [ 32,   0,   0]],

       [[ 44,  55,  73],
        [ 46,  63,  73],
        [ 41,  66,  63],
        [ 46,  57,  59],
        [ 74,  50,  76],
        [111,  47, 108],
        [141,  35, 146],
        [142,  27, 148],
        [146,  52, 148],
        [114,  55,  85],
        [139, 130,  55],
        [125, 147,  10],
        [119, 155,   0],
        [115, 158,  16],
        [104, 140,  68],
        [186, 213, 194],
        [196, 209, 226],
        [186, 190, 235],
        [187, 187, 247],
        [198, 197, 255],
        [109, 105, 202],
        [121, 113, 232],
        [123, 108, 249],
        [122,  91, 231],
        [149,  99, 214],
        [211, 141, 230],
        [225, 133, 200],
        [232, 126, 190],
        [224, 118, 192],
        [227, 132, 196],
        [ 51,   0,  14],
        [ 43,   0,   4]],

       [[ 33,  57,  59],
        [ 36,  62,  59],
        [ 34,  66,  53],
        [ 39,  58,  52],
        [ 69,  52,  70],
        [107,  50, 105],
        [137,  36, 140],
        [142,  27, 148],
        [128,  30, 131],
        [110,  49,  93],
        [126, 120,  68],
        [116, 146,  32],
        [115, 160,  18],
        [112, 150,  31],
        [121, 131,  81],
        [205, 200, 196],
        [215, 206, 227],
        [218, 206, 242],
        [215, 207, 248],
        [214, 206, 255],
        [120, 113, 193],
        [121, 110, 215],
        [125, 106, 234],
        [135, 105, 229],
        [141,  97, 192],
        [190, 133, 202],
        [206, 133, 178],
        [216, 135, 176],
        [210, 132, 184],
        [209, 139, 193],
        [ 36,   0,  21],
        [ 29,   0,  18]],

       [[ 22,  75,  33],
        [ 27,  79,  40],
        [ 26,  77,  44],
        [ 33,  65,  50],
        [ 61,  57,  72],
        [ 99,  50, 106],
        [134,  32, 141],
        [143,  19, 153],
        [146,  29, 162],
        [142,  57, 150],
        [136, 108, 120],
        [123, 131,  84],
        [123, 141,  57],
        [123, 124,  48],
        [162, 121,  91],
        [248, 192, 193],
        [227, 185, 197],
        [233, 201, 214],
        [221, 199, 201],
        [207, 192, 197],
        [134, 126, 150],
        [122, 114, 161],
        [116, 105, 174],
        [133, 116, 184],
        [150, 127, 171],
        [171, 143, 165],
        [181, 149, 154],
        [189, 157, 160],
        [188, 156, 177],
        [175, 152, 181],
        [ 11,   0,  30],
        [  1,   0,  27]],

       [[ 58, 122,  61],
        [ 61, 125,  64],
        [ 60, 121,  64],
        [ 66, 106,  71],
        [ 92,  93,  97],
        [129,  81, 133],
        [165,  59, 170],
        [174,  41, 184],
        [172,  40, 185],
        [151,  48, 165],
        [102,  50, 112],
        [ 82,  60,  73],
        [ 91,  77,  50],
        [ 94,  59,  27],
        [134,  53,  50],
        [199, 106, 114],
        [193, 121, 124],
        [186, 127, 121],
        [173, 115, 101],
        [184, 143, 121],
        [179, 165, 139],
        [192, 189, 170],
        [181, 172, 175],
        [180, 174, 176],
        [168, 169, 155],
        [150, 158, 134],
        [134, 151, 119],
        [125, 148, 120],
        [123, 150, 133],
        [121, 143, 140],
        [  0,   4,  17],
        [  0,   3,  26]],

       [[ 61, 119,  61],
        [ 60, 121,  54],
        [ 60, 124,  38],
        [ 71, 116,  47],
        [ 96,  97,  79],
        [127,  76, 119],
        [164,  51, 167],
        [181,  39, 183],
        [181,  41, 172],
        [164,  45, 161],
        [118,  40, 139],
        [100,  45, 113],
        [106,  56,  85],
        [124,  56,  71],
        [140,  31,  60],
        [224, 107, 126],
        [212, 114, 105],
        [213, 116,  97],
        [223, 109,  99],
        [206, 116,  89],
        [205, 181, 109],
        [185, 190, 100],
        [192, 182, 110],
        [188, 185, 116],
        [170,
